0 6.00 -73.00 
1 6.00 -73.00 
2 6.01 -74.93 
3 6.01 -74.87 
4 6.01 -73.87 
5 6.02 -73.87 
6 6.03 -74.81 
7 6.03 -74.75 
8 6.04 -73.75 
9 6.05 -73.75 
10 6.06 -74.69 
11 6.07 -74.63 
12 6.08 -73.63 
13 6.09 -73.63 
14 6.10 -74.57 
15 6.12 -74.51 
16 6.13 -73.51 
17 6.14 -73.51 
18 6.16 -74.45 
19 6.17 -74.39 
20 6.19 -73.39 
21 6.20 -73.39 
22 6.22 -74.33 
23 6.23 -74.27 
24 6.24 -73.28 
25 6.26 -73.28 
26 6.27 -74.22 
27 6.29 -74.16 
28 6.31 -73.17 
29 6.32 -73.17 
30 6.34 -74.12 
31 6.36 -74.06 
32 6.37 -73.07 
33 6.39 -73.07 
34 6.41 -74.02 
35 6.42 -73.96 
36 6.44 -73.96 
37 6.45 -73.97 
38 6.46 -74.91 
39 6.48 -74.85 
40 6.49 -73.86 
41 6.50 -73.87 
42 11.51 -72.87 
43 23.51 -68.87 
44 34.51 -65.85 
45 47.51 -60.85 
46 59.51 -54.85 
47 71.51 -48.85 
48 84.51 -42.85 
49 97.51 -35.86 
50 110.51 -30.85 
51 122.51 -24.83 
52 137.51 -17.83 
53 149.51 -11.84 
54 162.51 -6.84 
55 177.51 -0.84 
56 190.51 4.17 
57 204.51 10.17 
58 217.51 16.17 
59 230.51 21.18 
60 242.52 26.19 
61 256.52 32.19 
62 269.52 37.19 
63 280.52 41.19 
