0 19.00 -58.00 
1 19.00 -58.00 
2 20.00 -59.94 
3 19.01 -59.89 
4 19.01 -58.89 
5 19.01 -58.89 
6 19.01 -59.83 
7 19.02 -59.77 
8 19.02 -58.77 
9 19.02 -58.77 
10 19.03 -59.71 
11 19.03 -59.66 
12 19.04 -58.65 
13 19.04 -58.65 
14 19.05 -59.60 
15 19.06 -59.54 
16 19.06 -58.54 
17 19.07 -58.53 
18 19.08 -59.48 
19 19.09 -59.42 
20 19.10 -58.42 
21 19.10 -58.41 
22 19.12 -59.36 
23 19.13 -59.30 
24 19.14 -58.30 
25 19.15 -58.29 
26 19.16 -59.24 
27 19.17 -59.18 
28 19.18 -58.18 
29 19.19 -58.18 
30 19.21 -59.12 
31 19.22 -59.06 
32 19.23 -58.06 
33 19.24 -58.07 
34 19.25 -59.01 
35 19.27 -58.95 
36 19.28 -58.96 
37 19.29 -58.96 
38 19.30 -59.90 
39 19.31 -59.84 
40 19.33 -58.84 
41 25.33 -56.85 
42 35.33 -51.84 
43 43.34 -47.83 
44 52.34 -40.84 
45 61.35 -36.81 
46 70.35 -29.80 
47 78.35 -21.81 
48 87.35 -16.79 
49 95.35 -8.81 
50 103.36 -1.83 
51 112.35 4.15 
52 120.35 9.16 
53 128.35 15.17 
54 137.35 20.19 
55 145.36 26.22 
56 154.35 33.22 
57 161.35 39.20 
58 168.36 44.20 
59 176.36 50.19 
60 184.35 55.20 
61 191.35 61.18 
62 198.35 66.15 
63 205.35 70.15 
